-185
120
-511
-692
81
-221
634
974
563
-70
119
819
421
947
-109
528
69
564
724
400
688
222
199
-591
635
29
978
-176
476
780
-141
-121
226
814
583
-157
803
-852
-948
-254
720
406
-736
155
967
-784
588
369
-960
798
-930
-737
-747
-447
105
751
46
-586
-217
-745
-185
-173
297
496
-977
-842
-84
814
304
-674
468
138
168
-686
378
-600
989
-958
-982
-553
933
-960
-358
-755
314
804
690
149
-983
608
-275
336
-934
-493
591
-165
133
-184
-518
-610
-213
580
-647
46
-357
218
-814
-800
201
-552
-248
776
-465
557
184
319
-420
-494
-971
362
800
41
339
-178
-203
-440
469
-240
-729
-322
770
-303
-596
497
331
646
-169
589
-285
-138
444
506
-9
940
-827
-722
-901
-989
847
819
139
-96
-275
-472
342
-93
571
736
-861
-18
846
-797
681
791
-465
808
-942
-939
141
191
715
-705
370
-600
860
-499
-769
-21
-253
-960
308
963
-431
-375
463
138
534
576
-765
-502
867
991
804
510
48
-18
-79
-121
-30
648
-967
-941
403
608
368
135
-998
-962
731
346
955
542
-174
367
254
664
531
269
-463
-881
-267
-856
-751
-366
15
-632
369
953
-135
250
797
527
-166
-441
243
56
-755
-154
23
937
461
38
138
-152
-244
527
733
953
604
-843
-27
-62
217
-526
571
433
-738
-2
857
771
-1000
-727
-122
639
-511
-986
822
-476
-326
-970
614
-551
311
600
934
263
-792
-950
741
652
-481
979
-312
-595
437
249
128
-34
-556
-2
-34
554
861
-553
-119
-562
-101
-746
330
-926
-230
-594
317
-346
-296
-676
-890
240
-325
-34
-926
197
-942
165
-395
992
-12
-621
-234
-414
-281
680
-735
-387
-856
-488
351
668
926
-314
-287
-35
-853
279
285
-264
449
-592
-710
-983
842
-55
-865
-926
780
83
-332
745
984
49
799
-854
-171
247
914
922
683
824
972
-657
-214
-76
-553
-964
576
486
-275
194
367
799
-614
2
-404
824
-573
-221
126
-213
647
72
866
-511
-372
38
914
-724
-524
-724
994
-918
78
738
-954
-20
75
-646
898
120
376
-921
-493
367
-820
-144
891
768
-463
-626
720
273
580
168
-891
-564
496
991
335
941
831
-832
-491
-279
-82
536
-671
918
931
220
594
-70
794
-747
-680
-901
-576
-384
-259
-597
293
-646
647
411
404
336
-727
283
-21
-551
713
-216
-302
-87
-792
792
151
873
-575
527
410
402
216
-587
-294
-282
986
-435
-327
983
652
194
-970
-900
559
-493
-615
-839
726
-975
-188
656
-541
120
-373
-223
520
-758
613
-313
931
-556
562
-35
600
825
-881
-964
574
106
412
-474
743
-333
592
-482
670
413
-984
842
-986
743
805
985
-760
279
995
544
675
928
-389
877
-34
297
-404
644
-177
-352
-387
194
-299
308
989
501
-330
28
-194
629
-9
-918
-375
483
418
-646
123
-890
467
370
-294
-358
548
-898
552
-236
315
-688
873
-881
199
702
-512
339
-373
862
760
-201
892
-797
188
-741
352
-137
-935
-966
565
947
-214
-836
-697
852
-36
619
679
453
691
-760
-816
129
-219
-738
-512
-286
-595
491
834
-287
-613
-811
482
-908
357
166
37
-104
-418
-730
-922
-919
376
91
304
613
-432
751
130
418
697
883
-170
-883
32
809
777
-265
-639
637
444
-136
28
-929
933
-868
-14
398
47
623
476
-485
981
-114
-222
-643
-982
441
-695
-502
-717
-185
-365
-559
-57
887
200
-41
468
473
791
705
-310
-759
-166
-559
619
205
455
-947
-410
-248
-541
316
-697
-503
455
-354
465
773
644
418
-696
285
-340
839
876
391
121
984
330
448
-291
-576
-378
-790
-807
268
-476
-628
127
530
530
-568
905
-255
-200
841
80
-420
-815
854
644
672
-659
-927
634
-119
-771
1000
-34
-843
296
849
390
652
-477
-182
152
332
885
371
-933
-276
-334
312
637
97
-509
47
788
-951
360
714
485
57
225
606
994
856
302
-731
-565
-64
-443
-908
159
-966
-950
-218
675
902
-536
-957
521
747
-486
339
892
-426
-700
284
78
-999
661
-954
-606
422
-436
770
598
-23
233
-173
-10
648
-741
705
333
989
457
-164
490
705
976
176
-279
413
-743
21
-648
143
413
-703
-474
783
483
-485
-179
-822
412
-47
300
-384
416
-985
773
925
-508
-875
-773
-895
157
383
522
158
729
-955
-259
169
-950
-930
-127
666
-370
217
-420
-169
-694
813
169
-252
878
-443
-373
-189
388
5
-686
-176
862
-820
663
205
-959
370
-311
-405
325
-192
-593
293
-144
-928
-472
666
-827
-726
733
256
-699
388
-98
-598
478
-419
768
665
-525
-254
-532
350
-396
-610
-4
162
809
-931
545
-508
-435
34
260
142
-994
215
-580
-241
-242
733
-827
129
-418
-810
-554
44
511
-514
663
-591
-747
219
943
-596
-883
-786
-821
869
462
-36
618
185
546
21
630
876
-874
209
-424
210
60
861
-157
607
93
796
661
-403
127
933
-259
-253
-590
383
26
133
695
523
-638
-288
42
-703
-192
-116
-771
-711
619
-619
-114
537
898
424
330
810
-444
913
-437
-196
244
746
-42
-656
853
-34
-280
918
500
882
990
-664
986
407
622
-922
905
-754
991
963
-695
-681
-69
-791
-562
-423
-524
149
326
-527
809
326
859
-619
559
236
-650
-857