-1000
-999
-997
-996
-995
-992
-991
-988
-984
-983
-982
-980
-979
-978
-977
-975
-971
-970
-968
-966
-965
-962
-961
-960
-955
-951
-948
-947
-946
-944
-941
-940
-939
-938
-937
-935
-933
-929
-928
-921
-918
-917
-914
-911
-910
-901
-900
-898
-895
-893
-892
-888
-886
-885
-884
-882
-881
-877
-876
-875
-874
-872
-871
-870
-869
-868
-867
-864
-863
-862
-860
-859
-858
-857
-852
-851
-850
-849
-848
-847
-846
-843
-838
-836
-835
-833
-832
-829
-826
-823
-822
-820
-819
-816
-815
-814
-808
-807
-806
-805
-804
-803
-800
-799
-797
-793
-792
-791
-787
-786
-783
-782
-778
-777
-776
-775
-774
-773
-772
-771
-770
-768
-767
-766
-765
-764
-762
-759
-754
-753
-750
-749
-745
-743
-742
-741
-740
-739
-736
-734
-733
-732
-728
-725
-719
-718
-717
-715
-714
-711
-708
-706
-703
-701
-696
-694
-688
-680
-679
-678
-672
-667
-664
-662
-661
-660
-659
-658
-657
-656
-655
-653
-650
-649
-647
-646
-645
-643
-640
-639
-638
-634
-633
-632
-631
-628
-627
-626
-625
-620
-619
-618
-617
-616
-615
-613
-611
-609
-608
-607
-605
-603
-602
-600
-599
-598
-594
-593
-591
-590
-588
-584
-583
-581
-579
-576
-574
-572
-565
-563
-559
-558
-557
-555
-554
-553
-552
-551
-550
-548
-546
-543
-538
-537
-534
-532
-530
-529
-527
-524
-523
-519
-517
-514
-509
-508
-507
-504
-502
-501
-500
-498
-497
-496
-494
-492
-491
-489
-488
-487
-485
-483
-482
-481
-478
-477
-475
-474
-470
-468
-465
-464
-459
-455
-450
-449
-447
-446
-443
-440
-439
-436
-433
-432
-430
-429
-428
-427
-426
-418
-414
-411
-410
-409
-408
-406
-403
-402
-398
-397
-394
-390
-389
-388
-386
-385
-381
-380
-379
-378
-377
-375
-374
-373
-372
-369
-365
-364
-363
-360
-358
-357
-353
-350
-344
-343
-339
-337
-336
-334
-333
-332
-331
-329
-327
-326
-324
-322
-320
-316
-315
-311
-309
-308
-306
-301
-295
-292
-291
-289
-288
-286
-285
-284
-282
-280
-279
-276
-274
-273
-272
-269
-268
-266
-263
-262
-260
-256
-255
-254
-248
-247
-239
-238
-235
-230
-229
-227
-225
-223
-222
-217
-214
-210
-209
-206
-205
-201
-200
-198
-196
-194
-189
-187
-186
-185
-184
-183
-181
-180
-179
-174
-172
-171
-170
-168
-167
-166
-161
-160
-159
-158
-154
-151
-149
-148
-146
-145
-143
-142
-141
-138
-136
-130
-129
-128
-126
-122
-120
-119
-118
-114
-113
-111
-110
-109
-108
-107
-106
-104
-103
-102
-101
-100
-98
-96
-95
-94
-93
-91
-88
-83
-82
-78
-77
-75
-74
-73
-72
-69
-67
-65
-64
-63
-62
-60
-59
-58
-55
-53
-52
-51
-50
-49
-48
-47
-46
-44
-39
-38
-35
-32
-30
-29
-28
-27
-24
-20
-17
-16
-14
-13
-12
-11
-10
-9
-6
-5
-3
-2
0
3
8
9
10
11
13
15
17
23
24
26
27
28
32
35
36
38
39
41
42
43
45
47
49
51
52
53
54
55
61
62
63
67
68
69
71
74
75
78
79
80
81
82
84
87
89
91
99
100
103
105
106
107
110
112
114
117
118
120
121
123
124
125
126
127
129
135
138
139
140
141
143
144
146
147
149
150
151
155
157
159
160
161
164
168
169
170
171
176
177
180
182
185
187
189
192
193
194
200
202
203
204
205
206
209
210
211
212
213
218
222
223
227
228
229
230
231
232
233
235
237
243
245
246
247
249
253
254
258
259
260
261
262
263
264
271
272
274
279
281
282
283
287
288
291
293
295
300
301
302
305
306
307
308
310
312
313
317
318
320
321
323
325
327
331
332
339
340
341
342
343
344
345
348
350
354
355
356
359
360
362
363
365
368
369
375
376
381
383
384
385
386
387
391
394
395
396
398
399
403
404
405
406
407
410
412
413
414
415
416
417
418
426
428
429
430
432
434
438
439
444
445
446
447
450
452
453
455
459
462
464
465
466
467
468
469
470
471
472
473
474
476
477
479
480
482
485
489
491
492
493
495
498
499
500
505
506
507
513
515
516
518
523
524
525
526
527
530
532
533
538
539
544
546
547
550
554
555
556
559
564
565
567
571
573
574
576
577
579
580
583
587
588
590
592
595
597
600
601
602
606
607
608
609
611
614
615
618
620
621
622
623
624
625
626
627
628
630
631
634
638
640
642
643
644
651
652
655
656
658
663
666
670
671
673
674
676
681
682
684
685
687
688
691
695
697
700
703
705
711
712
713
714
715
719
720
721
724
726
727
729
730
731
732
733
737
739
740
741
746
748
749
750
751
753
754
756
757
758
761
764
767
768
770
771
772
777
778
779
780
781
782
788
789
791
795
800
803
805
807
812
813
815
822
823
830
835
836
837
838
840
841
842
843
844
845
846
847
849
851
855
859
861
863
867
869
870
872
873
875
876
877
878
880
881
882
885
887
890
892
893
895
896
898
899
900
902
903
904
905
906
908
911
912
914
917
918
919
921
922
924
929
932
933
934
935
939
945
947
949
951
954
955
956
958
961
962
963
964
966
967
970
973
976
978
979
980
985
986
987
988
989
990
993
994
995
996
997
998